  -4.0049715514282118        3.4250148341243034        5.6233132023844989     
  -2.2639764222749310        4.7660474934291939        5.0653142327808709     

  -4.0049715514282118        3.4250148341243034        5.6233132023844989     
 -0.30477170385044311       0.50986493311286096        1.0023652614125427     

  -4.0049715514282118        3.4250148341243034        5.6233132023844989     
  -3.9793789488906599        2.4101157423950914        4.8288506933149220     

  -4.0049715514282118        3.4250148341243034        5.6233132023844989     
  -4.1817579283619821        1.8291449190440088        7.0114707353280732     

  -6.0461526778795793      -0.88071369570913338        6.8280049481325653     
  -4.1817579283619821        1.8291449190440088        7.0114707353280732     

  -6.0461526778795793      -0.88071369570913338        6.8280049481325653     
  -3.9793789488906599        2.4101157423950914        4.8288506933149220     

  -6.0461526778795793      -0.88071369570913338        6.8280049481325653     
  -4.6318660276931238       -2.0427665836178079E-002   4.3502856542777959     

  -6.0461526778795793      -0.88071369570913338        6.8280049481325653     
  -5.2982715023550995       -1.2407819274062459        5.6242132167931667     

  -6.0461526778795793      -0.88071369570913338        6.8280049481325653     
  -4.9154921409411845       -2.0412219478564024        6.9608621738857259     

  -3.4505238697750209       -3.2702375649386943        6.0560325654893878     
  -4.9154921409411845       -2.0412219478564024        6.9608621738857259     

  -3.4505238697750209       -3.2702375649386943        6.0560325654893878     
  -4.5058349355272069       -1.8748243362685677        4.8346667887874579     

  -3.4505238697750209       -3.2702375649386943        6.0560325654893878     
 -0.48926515886170130      -0.48750033209449073        1.0023652614125427     

  -3.4505238697750209       -3.2702375649386943        6.0560325654893878     
  -2.6662024499231487       -4.4581942530961616        5.1809871183151213     

  -2.6662024499231487       -4.4581942530961616        5.1809871183151213     
 -0.48926515886170130      -0.48750033209449073        1.0023652614125427     

  -2.6662024499231487       -4.4581942530961616        5.1809871183151213     
  0.37428072604600121       -1.0224843155846173        1.0023127396547393     

  -2.6662024499231487       -4.4581942530961616        5.1809871183151213     
  -5.0739774680206788E-002  -5.1260920670094796        5.6222147652042196     

  -2.6662024499231487       -4.4581942530961616        5.1809871183151213     
  -3.4505238697750209       -3.2702375649386943        6.0560325654893878     

  -5.0739774680206788E-002  -5.1260920670094796        5.6222147652042196     
  0.37428072604600121       -1.0224843155846173        1.0023127396547393     

  -5.0739774680206788E-002  -5.1260920670094796        5.6222147652042196     
   2.4275104043025344       -4.6585187234283092        5.1056608805024011     

  -5.0739774680206788E-002  -5.1260920670094796        5.6222147652042196     
  -2.6662024499231487       -4.4581942530961616        5.1809871183151213     

   2.4275104043025344       -4.6585187234283092        5.1056608805024011     
   1.3173162518669668      -0.64249815169915769        1.0027476288034947     

   2.4275104043025344       -4.6585187234283092        5.1056608805024011     
   3.7655260374611967       -3.3231820355431791        5.8505996755144958     

   2.4275104043025344       -4.6585187234283092        5.1056608805024011     
  -5.0739774680206788E-002  -5.1260920670094796        5.6222147652042196     

   2.4275104043025344       -4.6585187234283092        5.1056608805024011     
  0.37428072604600121       -1.0224843155846173        1.0023127396547393     

   3.7655260374611967       -3.3231820355431791        5.8505996755144958     
   4.2885357335785734       -2.0245454402702796        6.8946605910527774     

   3.7655260374611967       -3.3231820355431791        5.8505996755144958     
   2.4275104043025344       -4.6585187234283092        5.1056608805024011     

   3.7655260374611967       -3.3231820355431791        5.8505996755144958     
   1.3173162518669668      -0.64249815169915769        1.0027476288034947     

   3.7655260374611967       -3.3231820355431791        5.8505996755144958     
   4.3893697960600928       -1.9124897195610557        4.9549915703328056     

   6.4232752513939309       0.91423660556686104        6.4239704836384472     
   5.0815057803361299        2.2381927971244906        6.7758713178765149     

   6.4232752513939309       0.91423660556686104        6.4239704836384472     
   4.2885357335785734       -2.0245454402702796        6.8946605910527774     

   6.4232752513939309       0.91423660556686104        6.4239704836384472     
   4.3893697960600928       -1.9124897195610557        4.9549915703328056     

   6.4232752513939309       0.91423660556686104        6.4239704836384472     
   4.8370111218550695        1.2629870842174320        4.9248301681396240     

   3.3642028372584623        3.2791221855630162        6.1057107720900765     
   5.0815057803361299        2.2381927971244906        6.7758713178765149     

   3.3642028372584623        3.2791221855630162        6.1057107720900765     
   3.9296102075092394        2.6756184953757818        4.9249497702153349     

   3.3642028372584623        3.2791221855630162        6.1057107720900765     
   1.4389568568559210       0.36973027119250312        1.0027476288034947     

   3.3642028372584623        3.2791221855630162        6.1057107720900765     
   2.6917376509246931        4.4090066737776601        5.2160139288115328     

  -2.2639764222749310        4.7660474934291939        5.0653142327808709     
  0.10045034196361403        5.1256236082586568        5.6204543537433471     

  -2.2639764222749310        4.7660474934291939        5.0653142327808709     
  0.60693175420271583       0.95427692974122180        1.0023127396547393     

  -2.2639764222749310        4.7660474934291939        5.0653142327808709     
 -0.30477170385044311       0.50986493311286096        1.0023652614125427     

  -2.2639764222749310        4.7660474934291939        5.0653142327808709     
  -4.0049715514282118        3.4250148341243034        5.6233132023844989     

   2.6917376509246931        4.4090066737776601        5.2160139288115328     
   3.3642028372584623        3.2791221855630162        6.1057107720900765     

   2.6917376509246931        4.4090066737776601        5.2160139288115328     
   1.4389568568559210       0.36973027119250312        1.0027476288034947     

   2.6917376509246931        4.4090066737776601        5.2160139288115328     
  0.60693175420271583       0.95427692974122180        1.0023127396547393     

   2.6917376509246931        4.4090066737776601        5.2160139288115328     
  0.10045034196361403        5.1256236082586568        5.6204543537433471     

  0.10045034196361403        5.1256236082586568        5.6204543537433471     
   2.6917376509246931        4.4090066737776601        5.2160139288115328     

  0.10045034196361403        5.1256236082586568        5.6204543537433471     
  0.60693175420271583       0.95427692974122180        1.0023127396547393     

  0.10045034196361403        5.1256236082586568        5.6204543537433471     
  -2.2639764222749310        4.7660474934291939        5.0653142327808709     

  -4.9154921409411845       -2.0412219478564024        6.9608621738857259     
  -6.0461526778795793      -0.88071369570913338        6.8280049481325653     

  -4.9154921409411845       -2.0412219478564024        6.9608621738857259     
  -5.2982715023550995       -1.2407819274062459        5.6242132167931667     

  -4.9154921409411845       -2.0412219478564024        6.9608621738857259     
  -4.5058349355272069       -1.8748243362685677        4.8346667887874579     

  -4.9154921409411845       -2.0412219478564024        6.9608621738857259     
  -3.4505238697750209       -3.2702375649386943        6.0560325654893878     

   5.0815057803361299        2.2381927971244906        6.7758713178765149     
   6.4232752513939309       0.91423660556686104        6.4239704836384472     

   5.0815057803361299        2.2381927971244906        6.7758713178765149     
   4.8370111218550695        1.2629870842174320        4.9248301681396240     

   5.0815057803361299        2.2381927971244906        6.7758713178765149     
   3.9296102075092394        2.6756184953757818        4.9249497702153349     

   5.0815057803361299        2.2381927971244906        6.7758713178765149     
   3.3642028372584623        3.2791221855630162        6.1057107720900765     

  -4.1817579283619821        1.8291449190440088        7.0114707353280732     
  -4.0049715514282118        3.4250148341243034        5.6233132023844989     

  -4.1817579283619821        1.8291449190440088        7.0114707353280732     
  -3.9793789488906599        2.4101157423950914        4.8288506933149220     

  -4.1817579283619821        1.8291449190440088        7.0114707353280732     
  -6.0461526778795793      -0.88071369570913338        6.8280049481325653     

   4.2885357335785734       -2.0245454402702796        6.8946605910527774     
   3.7655260374611967       -3.3231820355431791        5.8505996755144958     

   4.2885357335785734       -2.0245454402702796        6.8946605910527774     
   4.3893697960600928       -1.9124897195610557        4.9549915703328056     

   4.2885357335785734       -2.0245454402702796        6.8946605910527774     
   6.4232752513939309       0.91423660556686104        6.4239704836384472     

   1.4389568568559210       0.36973027119250312        1.0027476288034947     
   2.6917376509246931        4.4090066737776601        5.2160139288115328     

   1.4389568568559210       0.36973027119250312        1.0027476288034947     
   3.3642028372584623        3.2791221855630162        6.1057107720900765     

   1.4389568568559210       0.36973027119250312        1.0027476288034947     
   3.9296102075092394        2.6756184953757818        4.9249497702153349     

   1.4389568568559210       0.36973027119250312        1.0027476288034947     
   4.8370111218550695        1.2629870842174320        4.9248301681396240     

   1.4389568568559210       0.36973027119250312        1.0027476288034947     
   4.3540989557814926       -1.8924828377005909        3.7879186537947138     

   1.4389568568559210       0.36973027119250312        1.0027476288034947     
   1.3173162518669668      -0.64249815169915769        1.0027476288034947     

  0.60693175420271583       0.95427692974122180        1.0023127396547393     
  0.10045034196361403        5.1256236082586568        5.6204543537433471     

  0.60693175420271583       0.95427692974122180        1.0023127396547393     
   2.6917376509246931        4.4090066737776601        5.2160139288115328     

  0.60693175420271583       0.95427692974122180        1.0023127396547393     
   1.4389568568559210       0.36973027119250312        1.0027476288034947     

  0.60693175420271583       0.95427692974122180        1.0023127396547393     
  0.53099257392775223       -3.8297450231167540E-002   1.0025489657664237     

  0.60693175420271583       0.95427692974122180        1.0023127396547393     
 -0.30477170385044311       0.50986493311286096        1.0023652614125427     

  0.60693175420271583       0.95427692974122180        1.0023127396547393     
  -2.2639764222749310        4.7660474934291939        5.0653142327808709     

  0.53099257392775223       -3.8297450231167540E-002   1.0025489657664237     
  0.60693175420271583       0.95427692974122180        1.0023127396547393     

  0.53099257392775223       -3.8297450231167540E-002   1.0025489657664237     
   1.4389568568559210       0.36973027119250312        1.0027476288034947     

  0.53099257392775223       -3.8297450231167540E-002   1.0025489657664237     
   1.3173162518669668      -0.64249815169915769        1.0027476288034947     

  0.53099257392775223       -3.8297450231167540E-002   1.0025489657664237     
  0.37428072604600121       -1.0224843155846173        1.0023127396547393     

  0.53099257392775223       -3.8297450231167540E-002   1.0025489657664237     
 -0.48926515886170130      -0.48750033209449073        1.0023652614125427     

  0.53099257392775223       -3.8297450231167540E-002   1.0025489657664237     
 -0.30477170385044311       0.50986493311286096        1.0023652614125427     

   4.3893697960600928       -1.9124897195610557        4.9549915703328056     
   3.7655260374611967       -3.3231820355431791        5.8505996755144958     

   4.3893697960600928       -1.9124897195610557        4.9549915703328056     
   1.3173162518669668      -0.64249815169915769        1.0027476288034947     

   4.3893697960600928       -1.9124897195610557        4.9549915703328056     
   4.3540989557814926       -1.8924828377005909        3.7879186537947138     

   4.3893697960600928       -1.9124897195610557        4.9549915703328056     
   6.4232752513939309       0.91423660556686104        6.4239704836384472     

   4.3893697960600928       -1.9124897195610557        4.9549915703328056     
   4.2885357335785734       -2.0245454402702796        6.8946605910527774     

   4.8370111218550695        1.2629870842174320        4.9248301681396240     
   6.4232752513939309       0.91423660556686104        6.4239704836384472     

   4.8370111218550695        1.2629870842174320        4.9248301681396240     
   4.3893697960600928       -1.9124897195610557        4.9549915703328056     

   4.8370111218550695        1.2629870842174320        4.9248301681396240     
   1.4389568568559210       0.36973027119250312        1.0027476288034947     

   4.8370111218550695        1.2629870842174320        4.9248301681396240     
   3.9296102075092394        2.6756184953757818        4.9249497702153349     

   4.8370111218550695        1.2629870842174320        4.9248301681396240     
   5.0815057803361299        2.2381927971244906        6.7758713178765149     

  -3.9793789488906599        2.4101157423950914        4.8288506933149220     
  -4.0049715514282118        3.4250148341243034        5.6233132023844989     

  -3.9793789488906599        2.4101157423950914        4.8288506933149220     
  -4.3875159661218630       0.83619113895032882        3.9143089412151895     

  -3.9793789488906599        2.4101157423950914        4.8288506933149220     
  -4.6318660276931238       -2.0427665836178079E-002   4.3502856542777959     

  -3.9793789488906599        2.4101157423950914        4.8288506933149220     
  -4.2124546652261472        1.0019741264819815        2.9712960082564277     

  -3.9793789488906599        2.4101157423950914        4.8288506933149220     
  -4.6318660276931238       -2.0427665836178079E-002   4.3502856542777959     

  -3.9793789488906599        2.4101157423950914        4.8288506933149220     
  -4.1817579283619821        1.8291449190440088        7.0114707353280732     

  -5.2982715023550995       -1.2407819274062459        5.6242132167931667     
  -6.0461526778795793      -0.88071369570913338        6.8280049481325653     

  -5.2982715023550995       -1.2407819274062459        5.6242132167931667     
  -3.9793789488906599        2.4101157423950914        4.8288506933149220     

  -5.2982715023550995       -1.2407819274062459        5.6242132167931667     
  -4.6318660276931238       -2.0427665836178079E-002   4.3502856542777959     

  -5.2982715023550995       -1.2407819274062459        5.6242132167931667     
  -4.5058349355272069       -1.8748243362685677        4.8346667887874579     

  -5.2982715023550995       -1.2407819274062459        5.6242132167931667     
  -4.9154921409411845       -2.0412219478564024        6.9608621738857259     

  -4.2124546652261472        1.0019741264819815        2.9712960082564277     
 -0.48926515886170130      -0.48750033209449073        1.0023652614125427     

  -4.2124546652261472        1.0019741264819815        2.9712960082564277     
  -4.6318660276931238       -2.0427665836178079E-002   4.3502856542777959     

  -4.2124546652261472        1.0019741264819815        2.9712960082564277     
  -4.2124546652261472        1.0019741264819815        2.9712960082564277     

  -4.2124546652261472        1.0019741264819815        2.9712960082564277     
  -4.6318660276931238       -2.0427665836178079E-002   4.3502856542777959     

  -4.2124546652261472        1.0019741264819815        2.9712960082564277     
  -3.9793789488906599        2.4101157423950914        4.8288506933149220     

  -4.2124546652261472        1.0019741264819815        2.9712960082564277     
  -3.9793789488906599        2.4101157423950914        4.8288506933149220     

 -0.30477170385044311       0.50986493311286096        1.0023652614125427     
  -2.2639764222749310        4.7660474934291939        5.0653142327808709     

 -0.30477170385044311       0.50986493311286096        1.0023652614125427     
  0.60693175420271583       0.95427692974122180        1.0023127396547393     

 -0.30477170385044311       0.50986493311286096        1.0023652614125427     
  0.53099257392775223       -3.8297450231167540E-002   1.0025489657664237     

 -0.30477170385044311       0.50986493311286096        1.0023652614125427     
 -0.48926515886170130      -0.48750033209449073        1.0023652614125427     

 -0.30477170385044311       0.50986493311286096        1.0023652614125427     
  -4.3875159661218630       0.83619113895032882        3.9143089412151895     

 -0.30477170385044311       0.50986493311286096        1.0023652614125427     
  -4.0049715514282118        3.4250148341243034        5.6233132023844989     

  -4.5058349355272069       -1.8748243362685677        4.8346667887874579     
  -5.2982715023550995       -1.2407819274062459        5.6242132167931667     

  -4.5058349355272069       -1.8748243362685677        4.8346667887874579     
  -4.6318660276931238       -2.0427665836178079E-002   4.3502856542777959     

  -4.5058349355272069       -1.8748243362685677        4.8346667887874579     
 -0.48926515886170130      -0.48750033209449073        1.0023652614125427     

  -4.5058349355272069       -1.8748243362685677        4.8346667887874579     
  -3.4505238697750209       -3.2702375649386943        6.0560325654893878     

  -4.5058349355272069       -1.8748243362685677        4.8346667887874579     
  -4.9154921409411845       -2.0412219478564024        6.9608621738857259     

   4.3540989557814926       -1.8924828377005909        3.7879186537947138     
   1.4389568568559210       0.36973027119250312        1.0027476288034947     

   4.3540989557814926       -1.8924828377005909        3.7879186537947138     
   4.3540989557814926       -1.8924828377005909        3.7879186537947138     

   4.3540989557814926       -1.8924828377005909        3.7879186537947138     
   4.3893697960600928       -1.9124897195610557        4.9549915703328056     

   4.3540989557814926       -1.8924828377005909        3.7879186537947138     
   4.3893697960600928       -1.9124897195610557        4.9549915703328056     

 -0.48926515886170130      -0.48750033209449073        1.0023652614125427     
 -0.30477170385044311       0.50986493311286096        1.0023652614125427     

 -0.48926515886170130      -0.48750033209449073        1.0023652614125427     
  0.53099257392775223       -3.8297450231167540E-002   1.0025489657664237     

 -0.48926515886170130      -0.48750033209449073        1.0023652614125427     
  0.37428072604600121       -1.0224843155846173        1.0023127396547393     

 -0.48926515886170130      -0.48750033209449073        1.0023652614125427     
  -2.6662024499231487       -4.4581942530961616        5.1809871183151213     

 -0.48926515886170130      -0.48750033209449073        1.0023652614125427     
  -3.4505238697750209       -3.2702375649386943        6.0560325654893878     

 -0.48926515886170130      -0.48750033209449073        1.0023652614125427     
  -4.5058349355272069       -1.8748243362685677        4.8346667887874579     

  0.37428072604600121       -1.0224843155846173        1.0023127396547393     
  0.53099257392775223       -3.8297450231167540E-002   1.0025489657664237     

  0.37428072604600121       -1.0224843155846173        1.0023127396547393     
   1.3173162518669668      -0.64249815169915769        1.0027476288034947     

  0.37428072604600121       -1.0224843155846173        1.0023127396547393     
   2.4275104043025344       -4.6585187234283092        5.1056608805024011     

  0.37428072604600121       -1.0224843155846173        1.0023127396547393     
  -5.0739774680206788E-002  -5.1260920670094796        5.6222147652042196     

  0.37428072604600121       -1.0224843155846173        1.0023127396547393     
  -2.6662024499231487       -4.4581942530961616        5.1809871183151213     

  0.37428072604600121       -1.0224843155846173        1.0023127396547393     
 -0.48926515886170130      -0.48750033209449073        1.0023652614125427     

   1.3173162518669668      -0.64249815169915769        1.0027476288034947     
   1.4389568568559210       0.36973027119250312        1.0027476288034947     

   1.3173162518669668      -0.64249815169915769        1.0027476288034947     
   4.3893697960600928       -1.9124897195610557        4.9549915703328056     

   1.3173162518669668      -0.64249815169915769        1.0027476288034947     
   3.7655260374611967       -3.3231820355431791        5.8505996755144958     

   1.3173162518669668      -0.64249815169915769        1.0027476288034947     
   2.4275104043025344       -4.6585187234283092        5.1056608805024011     

   1.3173162518669668      -0.64249815169915769        1.0027476288034947     
  0.37428072604600121       -1.0224843155846173        1.0023127396547393     

   1.3173162518669668      -0.64249815169915769        1.0027476288034947     
  0.53099257392775223       -3.8297450231167540E-002   1.0025489657664237     

   3.9296102075092394        2.6756184953757818        4.9249497702153349     
   4.8370111218550695        1.2629870842174320        4.9248301681396240     

   3.9296102075092394        2.6756184953757818        4.9249497702153349     
   1.4389568568559210       0.36973027119250312        1.0027476288034947     

   3.9296102075092394        2.6756184953757818        4.9249497702153349     
   3.3642028372584623        3.2791221855630162        6.1057107720900765     

   3.9296102075092394        2.6756184953757818        4.9249497702153349     
   5.0815057803361299        2.2381927971244906        6.7758713178765149     

  -4.3875159661218630       0.83619113895032882        3.9143089412151895     
  -4.2124546652261472        1.0019741264819815        2.9712960082564277     

  -4.3875159661218630       0.83619113895032882        3.9143089412151895     
  -4.6318660276931238       -2.0427665836178079E-002   4.3502856542777959     

  -4.3875159661218630       0.83619113895032882        3.9143089412151895     
  -3.9793789488906599        2.4101157423950914        4.8288506933149220     

  -4.6318660276931238       -2.0427665836178079E-002   4.3502856542777959     
  -6.0461526778795793      -0.88071369570913338        6.8280049481325653     

  -4.6318660276931238       -2.0427665836178079E-002   4.3502856542777959     
  -3.9793789488906599        2.4101157423950914        4.8288506933149220     

  -4.6318660276931238       -2.0427665836178079E-002   4.3502856542777959     
  -4.2124546652261472        1.0019741264819815        2.9712960082564277     

  -4.6318660276931238       -2.0427665836178079E-002   4.3502856542777959     
  -3.9793789488906599        2.4101157423950914        4.8288506933149220     

  -4.6318660276931238       -2.0427665836178079E-002   4.3502856542777959     
  -4.3875159661218630       0.83619113895032882        3.9143089412151895     

  -4.6318660276931238       -2.0427665836178079E-002   4.3502856542777959     
  -4.2124546652261472        1.0019741264819815        2.9712960082564277     

