          37          10          13           2           0           0

           1          13          14           3          37           0

           2          14           4          37           0           0

          14          15           5          37           3           0

          15           6          37           4           0           0

          16           7          37           5          15           0

           8          37           6          16           0           0

           9          37           7          16          17           0

          37           8          17          11           0           0

          37          12          18          13           1           0

          37           9          17          18          12           0

          37          11          18          10           0           0

          10          18          19          14           2           1

          13          19          15           4           3           2

          19          16           6           5           4          14

          17           8           7           6          15          19

          11           9           8          16          19          18

          12          11          17          19          13          10

          18          17          16          15          14          13

           0           0           0           8           0           0

           0           0           0           9           8           0

           0           0           8          10           0           0

           0           0           0          11           9           0

           0           0          10          19           0           0

           0           0           0           0          11           0

           0           0           0           0          12          11

           0           0           0           0          13          12

           0           0           0           0           0          13

          13           0           0           0           0          14

          14           0           0           0           0          15

          15           0           0           0           0           0

          16          15           0           0           0           0

          17          16           0           0           0           0

           0          17           0           0           0           0

           0          18          17           0           0           0

           0          19          18           0           0           0

           0           0          19           0           0           0

