  -1.7320508075688801        1.0000000000000000        1.0000000000000000     
  -1.7320508075688801        0.0000000000000000        1.0000000000000000     
  -1.7320508075688801       -1.0000000000000000        1.0000000000000000     
 -0.86602540378444004       -1.5000000000000000        1.0000000000000000     
   0.0000000000000000       -2.0000000000000000        1.0000000000000000     
  0.86602540378444004       -1.5000000000000000        1.0000000000000000     
   1.7320508075688801       -1.0000000000000000        1.0000000000000000     
   1.7320508075688801        0.0000000000000000        1.0000000000000000     
   1.7320508075688801        1.0000000000000000        1.0000000000000000     
 -0.86602540378444004        1.5000000000000000        1.0000000000000000     
  0.86602540378444004        1.5000000000000000        1.0000000000000000     
   0.0000000000000000        2.0000000000000000        1.0000000000000000     
 -0.86602540378444004       0.50000000000000000        1.0000000000000000     
 -0.86602540378444004      -0.50000000000000000        1.0000000000000000     
   0.0000000000000000       -1.0000000000000000        1.0000000000000000     
  0.86602540378444004      -0.50000000000000000        1.0000000000000000     
  0.86602540378444004       0.50000000000000000        1.0000000000000000     
   0.0000000000000000        1.0000000000000000        1.0000000000000000     
   0.0000000000000000        0.0000000000000000        1.0000000000000000     
   0.0000000000000000        3.0000000000000000        1.0000000000000000     
  0.86602540378444004        2.5000000000000000        1.0000000000000000     
 -0.86602540378444004        2.5000000000000000        1.0000000000000000     
   1.7320508075688801        2.0000000000000000        1.0000000000000000     
  -1.7320508075688801        2.0000000000000000        1.0000000000000000     
   2.5980762113533200        1.5000000000000000        1.0000000000000000     
   2.5980762113533200       0.50000000000000000        1.0000000000000000     
   2.5980762113533200      -0.50000000000000000        1.0000000000000000     
   2.5980762113533200       -1.5000000000000000        1.0000000000000000     
   1.7320508075688801       -2.0000000000000000        1.0000000000000000     
  0.86602540378444004       -2.5000000000000000        1.0000000000000000     
   0.0000000000000000       -3.0000000000000000        1.0000000000000000     
 -0.86602540378444004       -2.5000000000000000        1.0000000000000000     
  -1.7320508075688801       -2.0000000000000000        1.0000000000000000     
  -2.5980762113533200       -1.5000000000000000        1.0000000000000000     
  -2.5980762113533200      -0.50000000000000000        1.0000000000000000     
  -2.5980762113533200       0.50000000000000000        1.0000000000000000     
  -2.5980762113533200        1.5000000000000000        1.0000000000000000     
